$ 1 0.000005 54.00526672067058 46 5 43 5e-11
T -64 432 32 624 0 4 0.15384615384615385 -0.3703808586947864 0.000001705566799486101 0.999
v -160 432 -160 624 0 1 60 180 0 0 0.5
w -160 624 -64 624 0
r 688 512 688 624 0 120
d 32 432 224 432 2 1N4004
c 320 432 320 624 0 0.001 25.284519306534044 0.001
w 224 432 320 432 2
d 32 624 224 432 2 1N4004
w 320 624 144 624 0
d 144 624 32 624 2 1N4004
d 144 624 32 432 2 1N4004
162 432 432 432 496 2 default-led 1 0 0 0.01
r 432 496 432 624 0 4700
w 432 624 320 624 0
w 432 432 320 432 0
s -128 432 -96 432 0 0 false
w -128 432 -160 432 0
w -96 432 -64 432 0
t 592 496 624 496 0 1 -2.3370320443806065 0.7148077832558002 100 default
w 624 512 688 512 0
174 544 512 544 576 1 10000 0.005 Resistance
w 592 544 560 544 0
w 432 432 496 432 0
w 592 496 592 544 0
r 496 432 496 496 0 2200
w 624 432 496 432 0
34 zvoltage\q13 0 1.7143528192808883e-7 0 2 13 0
z 496 624 496 496 2 zvoltage\q13
w 496 624 432 624 0
w 496 496 544 496 0
w 544 512 544 496 0
g 320 624 320 656 0 0
r 624 480 624 432 0 100
r 544 576 544 640 0 3300
r 544 640 544 704 0 1000
w 496 624 496 704 0
w 496 704 544 704 0
w 544 704 688 704 0
w 688 624 688 704 0
o 3 64 0 4099 20 0.2 0 2 3 3
o 24 64 0 4099 20 0.025 1 2 24 3
